
Process 1 is active.

Process 2 is active.

Process 3 is active.
16 January 2016 12:38:25 AM

MATVEC - Master process:
  C++ version
  An MPI example program to compute
  a matrix-vector product b = A * x.

  Compiled on Jan 16 2016 at 00:38:24

  The number of processes is 4.

Process 0 is active.

  The number of rows is    100
  The number of columns is 50

MATVEC - Master process:
  Vector x

     0    0.171499
     1    0.171499
     2  2.42516e-17
     3   -0.171499
     4   -0.171499
     5  -4.85032e-17
     6    0.171499
     7    0.171499
     8  7.27549e-17
     9   -0.171499
    10   -0.171499
    11  -9.70065e-17
    12    0.171499
    13    0.171499
    14  1.21258e-16
    15   -0.171499
    16   -0.171499
    17  -1.4551e-16
    18    0.171499
    19    0.171499
    20  1.69761e-16
    21   -0.171499
    22   -0.171499
    23  -1.94013e-16
    24    0.171499
    25    0.171499
    26  2.18265e-16
    27   -0.171499
    28   -0.171499
    29  -2.42516e-16
    30    0.171499
    31    0.171499
    32  -4.36774e-16
    33   -0.171499
    34   -0.171499
    35  -2.91019e-16
    36    0.171499
    37    0.171499
    38  1.01881e-15
    39   -0.171499
    40   -0.171499
    41  -3.39523e-16
    42    0.171499
    43    0.171499
    44  1.06732e-15
    45   -0.171499
    46   -0.171499
    47  -3.88026e-16
    48    0.171499
    49    0.171499
  Process 0 shutting down.

MATVEC - Master process:
  Product vector b = A * x
  (Should be zero, except for a 1 in entry 16

   0  -2.67147e-16
   1  6.50521e-17
   2  5.20417e-17
   3           0
   4  -4.51028e-17
   5  3.53884e-16
   6  -6.5746e-16
  Process 1 shutting down.
  Process 2 shutting down.
  Process 3 shutting down.
   7   4.996e-16
   8  3.53884e-16
   9  -3.01842e-16
  10  3.98986e-16
  11  4.64906e-16
  12  -2.46331e-16
  13  9.36751e-17
  14  -2.42861e-17
  15  3.1225e-16
  16           1
  17  -1.42247e-16
  18  1.38778e-16
  19  -6.80012e-16
  20  1.17961e-16
  21  -5.55112e-17
  22  -2.08167e-17
  23  -4.996e-16
  24  9.02056e-17
  25  1.8735e-16
  26  8.32667e-17
  27  -7.77156e-16
  28  2.08167e-17
  29  1.11022e-15
  30  -1.80411e-16
  31  5.6205e-16
  32  1.76942e-16
  33  2.5327e-16
  34  7.11237e-16
  35  -2.60209e-16
  36  -2.77556e-16
  37  -1.74166e-15
  38  -5.0307e-16
  39  -1.49186e-16
  40  5.0307e-16
  41  5.34295e-16
  42  -1.09981e-15
  43  3.33067e-16
  44  6.41848e-16
  45  1.16226e-15
  46  2.08167e-16
  47  6.06286e-16
  48  -5.55979e-16
  49  -6.5269e-16
  50  6.53234e-16
  51  -1.12323e-16
  52  1.03997e-15
  53  -7.9884e-16
  54  -3.20924e-16
  55  8.93383e-16
  56  -2.10248e-15
  57  1.9082e-17
  58  -1.49186e-16
  59  1.56125e-16
  60  -6.8695e-16
  61  2.4182e-15
  62  1.94289e-16
  63  1.10328e-15
  64  1.45717e-16
  65  -2.13718e-15
  66  1.21778e-15
  67  1.2039e-15
  68  -3.92048e-16
  69  8.88178e-16
  70  -9.85323e-16
  71  -2.28983e-16
  72  1.4988e-15
  73  2.13718e-15
  74  -2.08861e-15
  75  1.38778e-17
  76  -5.48173e-16
  77  1.60288e-15
  78  -6.31439e-16
  79  5.27356e-16
  80  -2.25514e-15
  81  1.49186e-15
  82  -1.04777e-15
  83  3.21618e-15
  84          -1
  85  -5.81132e-15
  86  2.0331e-15
  87  6.69603e-16
  88  1.74513e-15
  89  1.45717e-16
  90  5.16948e-16
  91  -9.4369e-16
  92  -3.67761e-16
  93  -3.47639e-15
  94  8.88178e-16
  95  4.35416e-16
  96  -1.3739e-15
  97  -2.68015e-15
  98  1.00527e-15
  99  -1.80498e-15

MATVEC - Master process:
  Normal end of execution.

16 January 2016 12:38:25 AM
